0.0030 0.0030 0.2000 0.5970 0.0030 0.2000 0.5970 0.5970 0.2000 0.0030 0.5970 0.2000
0.0030 0.0030 0.2000 0.5970 0.0030 0.2000 0.5970 0.5970 0.2000 0.0030 0.5970 0.2000
0.0030 0.0030 0.2000 0.5970 0.0030 0.2000 0.5970 0.5970 0.2000 0.0030 0.5970 0.2000
0.0030 0.0030 0.2000 0.5970 0.0030 0.2000 0.5970 0.5970 0.2000 0.0030 0.5970 0.2000
0.0030 0.0030 0.2000 0.5970 0.0030 0.2000 0.5970 0.5970 0.2000 0.0030 0.5970 0.2000
0.0030 0.0030 0.2000 0.5970 0.0030 0.2000 0.5970 0.5970 0.2000 0.0030 0.5970 0.2000
0.0030 0.0030 0.2000 0.5970 0.0030 0.2000 0.5970 0.5970 0.2000 0.0030 0.5970 0.2000
0.0030 0.0030 0.2000 0.5970 0.0030 0.2000 0.5970 0.5970 0.2000 0.0030 0.5970 0.2000
0.0030 0.0030 0.2000 0.5970 0.0030 0.2000 0.5970 0.5970 0.2000 0.0030 0.5970 0.2000
0.0030 0.0030 0.2000 0.5970 0.0030 0.2000 0.5970 0.5970 0.2000 0.0030 0.5970 0.2000
0.0030 0.0030 0.2000 0.5970 0.0030 0.2000 0.5970 0.5970 0.2000 0.0030 0.5970 0.2000
0.0030 0.0030 0.2000 0.5970 0.0030 0.2000 0.5970 0.5970 0.2000 0.0030 0.5970 0.2000
0.0030 0.0030 0.2000 0.5970 0.0030 0.2000 0.5970 0.5970 0.2000 0.0030 0.5970 0.2000
0.0030 0.0030 0.2000 0.5970 0.0030 0.2000 0.5970 0.5970 0.2000 0.0030 0.5970 0.2000
0.0030 0.0030 0.2000 0.5970 0.0030 0.2000 0.5970 0.5970 0.2000 0.0030 0.5970 0.2000
0.0030 0.0030 0.2000 0.5970 0.0030 0.2000 0.5970 0.5970 0.2000 0.0030 0.5970 0.2000
0.0030 0.0030 0.2000 0.5970 0.0030 0.2000 0.5970 0.5970 0.2000 0.0030 0.5970 0.2000
0.0030 0.0030 0.2000 0.5970 0.0030 0.2000 0.5970 0.5970 0.2000 0.0030 0.5970 0.2000
0.0030 0.0030 0.2000 0.5970 0.0030 0.2000 0.5970 0.5970 0.2000 0.0030 0.5970 0.2000
0.0030 0.0030 0.2000 0.5970 0.0030 0.2000 0.5970 0.5970 0.2000 0.0030 0.5970 0.2000
0.0030 0.0030 0.2000 0.5970 0.0030 0.2000 0.5970 0.5970 0.2000 0.0030 0.5970 0.2000
0.0102 -0.0040 0.2060 0.6040 0.0102 0.2060 0.5898 0.6040 0.2060 -0.0040 0.5898 0.2060
0.0175 -0.0108 0.2120 0.6108 0.0175 0.2120 0.5825 0.6108 0.2120 -0.0108 0.5825 0.2120
0.0250 -0.0174 0.2180 0.6174 0.0250 0.2180 0.5750 0.6174 0.2180 -0.0174 0.5750 0.2180
0.0326 -0.0239 0.2241 0.6239 0.0326 0.2241 0.5674 0.6239 0.2241 -0.0239 0.5674 0.2241
0.0404 -0.0302 0.2301 0.6302 0.0404 0.2301 0.5596 0.6302 0.2301 -0.0302 0.5596 0.2301
0.0483 -0.0362 0.2361 0.6362 0.0483 0.2361 0.5517 0.6362 0.2361 -0.0362 0.5517 0.2361
0.0564 -0.0421 0.2421 0.6421 0.0564 0.2421 0.5436 0.6421 0.2421 -0.0421 0.5436 0.2421
0.0646 -0.0478 0.2481 0.6478 0.0646 0.2481 0.5354 0.6478 0.2481 -0.0478 0.5354 0.2481
0.0730 -0.0533 0.2541 0.6533 0.0730 0.2541 0.5270 0.6533 0.2541 -0.0533 0.5270 0.2541
0.0814 -0.0587 0.2602 0.6587 0.0814 0.2602 0.5186 0.6587 0.2602 -0.0587 0.5186 0.2602
0.0900 -0.0638 0.2662 0.6638 0.0900 0.2662 0.5100 0.6638 0.2662 -0.0638 0.5100 0.2662
0.0988 -0.0686 0.2722 0.6686 0.0988 0.2722 0.5012 0.6686 0.2722 -0.0686 0.5012 0.2722
0.1076 -0.0733 0.2782 0.6733 0.1076 0.2782 0.4924 0.6733 0.2782 -0.0733 0.4924 0.2782
0.1165 -0.0778 0.2842 0.6778 0.1165 0.2842 0.4835 0.6778 0.2842 -0.0778 0.4835 0.2842
0.1256 -0.0821 0.2902 0.6821 0.1256 0.2902 0.4744 0.6821 0.2902 -0.0821 0.4744 0.2902
0.1347 -0.0861 0.2962 0.6861 0.1347 0.2962 0.4653 0.6861 0.2962 -0.0861 0.4653 0.2962
0.1440 -0.0899 0.3023 0.6899 0.1440 0.3023 0.4560 0.6899 0.3023 -0.0899 0.4560 0.3023
0.1533 -0.0935 0.3083 0.6935 0.1533 0.3083 0.4467 0.6935 0.3083 -0.0935 0.4467 0.3083
0.1627 -0.0969 0.3143 0.6969 0.1627 0.3143 0.4373 0.6969 0.3143 -0.0969 0.4373 0.3143
0.1722 -0.1001 0.3203 0.7001 0.1722 0.3203 0.4278 0.7001 0.3203 -0.1001 0.4278 0.3203
0.1818 -0.1030 0.3263 0.7030 0.1818 0.3263 0.4182 0.7030 0.3263 -0.1030 0.4182 0.3263
0.1914 -0.1057 0.3323 0.7057 0.1914 0.3323 0.4086 0.7057 0.3323 -0.1057 0.4086 0.3323
0.2011 -0.1082 0.3383 0.7082 0.2011 0.3383 0.3989 0.7082 0.3383 -0.1082 0.3989 0.3383
0.2108 -0.1104 0.3444 0.7104 0.2108 0.3444 0.3892 0.7104 0.3444 -0.1104 0.3892 0.3444
0.2206 -0.1124 0.3504 0.7124 0.2206 0.3504 0.3794 0.7124 0.3504 -0.1124 0.3794 0.3504
0.2305 -0.1142 0.3564 0.7142 0.2305 0.3564 0.3695 0.7142 0.3564 -0.1142 0.3695 0.3564
0.2403 -0.1157 0.3624 0.7157 0.2403 0.3624 0.3597 0.7157 0.3624 -0.1157 0.3597 0.3624
0.2502 -0.1170 0.3684 0.7170 0.2502 0.3684 0.3498 0.7170 0.3684 -0.1170 0.3498 0.3684
0.2602 -0.1181 0.3744 0.7181 0.2602 0.3744 0.3398 0.7181 0.3744 -0.1181 0.3398 0.3744
0.2702 -0.1189 0.3805 0.7189 0.2702 0.3805 0.3298 0.7189 0.3805 -0.1189 0.3298 0.3805
0.2801 -0.1195 0.3865 0.7195 0.2801 0.3865 0.3199 0.7195 0.3865 -0.1195 0.3199 0.3865
0.2901 -0.1199 0.3925 0.7199 0.2901 0.3925 0.3099 0.7199 0.3925 -0.1199 0.3099 0.3925
0.3001 -0.1200 0.3985 0.7200 0.3001 0.3985 0.2999 0.7200 0.3985 -0.1200 0.2999 0.3985
0.3101 -0.1199 0.4045 0.7199 0.3101 0.4045 0.2899 0.7199 0.4045 -0.1199 0.2899 0.4045
0.3201 -0.1195 0.4105 0.7195 0.3201 0.4105 0.2799 0.7195 0.4105 -0.1195 0.2799 0.4105
0.3301 -0.1189 0.4165 0.7189 0.3301 0.4165 0.2699 0.7189 0.4165 -0.1189 0.2699 0.4165
0.3401 -0.1181 0.4226 0.7181 0.3401 0.4226 0.2599 0.7181 0.4226 -0.1181 0.2599 0.4226
0.3500 -0.1170 0.4286 0.7170 0.3500 0.4286 0.2500 0.7170 0.4286 -0.1170 0.2500 0.4286
0.3599 -0.1157 0.4346 0.7157 0.3599 0.4346 0.2401 0.7157 0.4346 -0.1157 0.2401 0.4346
0.3698 -0.1142 0.4406 0.7142 0.3698 0.4406 0.2302 0.7142 0.4406 -0.1142 0.2302 0.4406
0.3796 -0.1124 0.4466 0.7124 0.3796 0.4466 0.2204 0.7124 0.4466 -0.1124 0.2204 0.4466
0.3894 -0.1104 0.4526 0.7104 0.3894 0.4526 0.2106 0.7104 0.4526 -0.1104 0.2106 0.4526
0.3992 -0.1081 0.4586 0.7081 0.3992 0.4586 0.2008 0.7081 0.4586 -0.1081 0.2008 0.4586
0.4089 -0.1056 0.4647 0.7056 0.4089 0.4647 0.1911 0.7056 0.4647 -0.1056 0.1911 0.4647
0.4185 -0.1029 0.4707 0.7029 0.4185 0.4707 0.1815 0.7029 0.4707 -0.1029 0.1815 0.4707
0.4281 -0.1000 0.4767 0.7000 0.4281 0.4767 0.1719 0.7000 0.4767 -0.1000 0.1719 0.4767
0.4375 -0.0968 0.4827 0.6968 0.4375 0.4827 0.1625 0.6968 0.4827 -0.0968 0.1625 0.4827
0.4470 -0.0935 0.4887 0.6935 0.4470 0.4887 0.1530 0.6935 0.4887 -0.0935 0.1530 0.4887
0.4563 -0.0898 0.4947 0.6898 0.4563 0.4947 0.1437 0.6898 0.4947 -0.0898 0.1437 0.4947
0.4655 -0.0860 0.5008 0.6860 0.4655 0.5008 0.1345 0.6860 0.5008 -0.0860 0.1345 0.5008
0.4747 -0.0820 0.5068 0.6820 0.4747 0.5068 0.1253 0.6820 0.5068 -0.0820 0.1253 0.5068
0.4837 -0.0777 0.5128 0.6777 0.4837 0.5128 0.1163 0.6777 0.5128 -0.0777 0.1163 0.5128
0.4926 -0.0732 0.5188 0.6732 0.4926 0.5188 0.1074 0.6732 0.5188 -0.0732 0.1074 0.5188
0.5015 -0.0685 0.5248 0.6685 0.5015 0.5248 0.0985 0.6685 0.5248 -0.0685 0.0985 0.5248
0.5102 -0.0636 0.5308 0.6636 0.5102 0.5308 0.0898 0.6636 0.5308 -0.0636 0.0898 0.5308
0.5188 -0.0585 0.5368 0.6585 0.5188 0.5368 0.0812 0.6585 0.5368 -0.0585 0.0812 0.5368
0.5273 -0.0532 0.5429 0.6532 0.5273 0.5429 0.0727 0.6532 0.5429 -0.0532 0.0727 0.5429
0.5356 -0.0477 0.5489 0.6477 0.5356 0.5489 0.0644 0.6477 0.5489 -0.0477 0.0644 0.5489
0.5438 -0.0420 0.5549 0.6420 0.5438 0.5549 0.0562 0.6420 0.5549 -0.0420 0.0562 0.5549
0.5519 -0.0361 0.5609 0.6361 0.5519 0.5609 0.0481 0.6361 0.5609 -0.0361 0.0481 0.5609
0.5598 -0.0300 0.5669 0.6300 0.5598 0.5669 0.0402 0.6300 0.5669 -0.0300 0.0402 0.5669
0.5676 -0.0237 0.5729 0.6237 0.5676 0.5729 0.0324 0.6237 0.5729 -0.0237 0.0324 0.5729
0.5752 -0.0172 0.5789 0.6172 0.5752 0.5789 0.0248 0.6172 0.5789 -0.0172 0.0248 0.5789
0.5827 -0.0106 0.5850 0.6106 0.5827 0.5850 0.0173 0.6106 0.5850 -0.0106 0.0173 0.5850
0.5900 -0.0038 0.5910 0.6038 0.5900 0.5910 0.0100 0.6038 0.5910 -0.0038 0.0100 0.5910
0.5972 0.0032 0.5970 0.5968 0.5972 0.5970 0.0028 0.5968 0.5970 0.0032 0.0028 0.5970
0.6042 0.0104 0.6030 0.5896 0.6042 0.6030 -0.0042 0.5896 0.6030 0.0104 -0.0042 0.6030
0.6110 0.0177 0.6090 0.5823 0.6110 0.6090 -0.0110 0.5823 0.6090 0.0177 -0.0110 0.6090
0.6176 0.0252 0.6150 0.5748 0.6176 0.6150 -0.0176 0.5748 0.6150 0.0252 -0.0176 0.6150
0.6240 0.0328 0.6211 0.5672 0.6240 0.6211 -0.0240 0.5672 0.6211 0.0328 -0.0240 0.6211
0.6303 0.0406 0.6271 0.5594 0.6303 0.6271 -0.0303 0.5594 0.6271 0.0406 -0.0303 0.6271
0.6364 0.0485 0.6331 0.5515 0.6364 0.6331 -0.0364 0.5515 0.6331 0.0485 -0.0364 0.6331
0.6423 0.0566 0.6391 0.5434 0.6423 0.6391 -0.0423 0.5434 0.6391 0.0566 -0.0423 0.6391
0.6480 0.0648 0.6451 0.5352 0.6480 0.6451 -0.0480 0.5352 0.6451 0.0648 -0.0480 0.6451
0.6535 0.0732 0.6511 0.5268 0.6535 0.6511 -0.0535 0.5268 0.6511 0.0732 -0.0535 0.6511
0.6588 0.0817 0.6571 0.5183 0.6588 0.6571 -0.0588 0.5183 0.6571 0.0817 -0.0588 0.6571
0.6639 0.0903 0.6632 0.5097 0.6639 0.6632 -0.0639 0.5097 0.6632 0.0903 -0.0639 0.6632
0.6688 0.0990 0.6692 0.5010 0.6688 0.6692 -0.0688 0.5010 0.6692 0.0990 -0.0688 0.6692
0.6735 0.1078 0.6752 0.4922 0.6735 0.6752 -0.0735 0.4922 0.6752 0.1078 -0.0735 0.6752
0.6779 0.1168 0.6812 0.4832 0.6779 0.6812 -0.0779 0.4832 0.6812 0.1168 -0.0779 0.6812
0.6822 0.1258 0.6872 0.4742 0.6822 0.6872 -0.0822 0.4742 0.6872 0.1258 -0.0822 0.6872
0.6862 0.1350 0.6932 0.4650 0.6862 0.6932 -0.0862 0.4650 0.6932 0.1350 -0.0862 0.6932
0.6900 0.1442 0.6992 0.4558 0.6900 0.6992 -0.0900 0.4558 0.6992 0.1442 -0.0900 0.6992
0.6936 0.1535 0.7053 0.4465 0.6936 0.7053 -0.0936 0.4465 0.7053 0.1535 -0.0936 0.7053
0.6970 0.1630 0.7113 0.4370 0.6970 0.7113 -0.0970 0.4370 0.7113 0.1630 -0.0970 0.7113
0.7002 0.1724 0.7173 0.4276 0.7002 0.7173 -0.1002 0.4276 0.7173 0.1724 -0.1002 0.7173
0.7031 0.1820 0.7233 0.4180 0.7031 0.7233 -0.1031 0.4180 0.7233 0.1820 -0.1031 0.7233
0.7058 0.1916 0.7293 0.4084 0.7058 0.7293 -0.1058 0.4084 0.7293 0.1916 -0.1058 0.7293
0.7082 0.2013 0.7353 0.3987 0.7082 0.7353 -0.1082 0.3987 0.7353 0.2013 -0.1082 0.7353
0.7105 0.2111 0.7414 0.3889 0.7105 0.7414 -0.1105 0.3889 0.7414 0.2111 -0.1105 0.7414
0.7125 0.2209 0.7474 0.3791 0.7125 0.7474 -0.1125 0.3791 0.7474 0.2209 -0.1125 0.7474
0.7142 0.2307 0.7534 0.3693 0.7142 0.7534 -0.1142 0.3693 0.7534 0.2307 -0.1142 0.7534
0.7158 0.2406 0.7594 0.3594 0.7158 0.7594 -0.1158 0.3594 0.7594 0.2406 -0.1158 0.7594
0.7171 0.2505 0.7654 0.3495 0.7171 0.7654 -0.1171 0.3495 0.7654 0.2505 -0.1171 0.7654
0.7181 0.2605 0.7714 0.3395 0.7181 0.7714 -0.1181 0.3395 0.7714 0.2605 -0.1181 0.7714
0.7190 0.2704 0.7774 0.3296 0.7190 0.7774 -0.1190 0.3296 0.7774 0.2704 -0.1190 0.7774
0.7195 0.2804 0.7835 0.3196 0.7195 0.7835 -0.1195 0.3196 0.7835 0.2804 -0.1195 0.7835
0.7199 0.2904 0.7895 0.3096 0.7199 0.7895 -0.1199 0.3096 0.7895 0.2904 -0.1199 0.7895
0.7200 0.3004 0.7955 0.2996 0.7200 0.7955 -0.1200 0.2996 0.7955 0.3004 -0.1200 0.7955
0.7199 0.3104 0.8015 0.2896 0.7199 0.8015 -0.1199 0.2896 0.8015 0.3104 -0.1199 0.8015
0.7195 0.3204 0.8075 0.2796 0.7195 0.8075 -0.1195 0.2796 0.8075 0.3204 -0.1195 0.8075
0.7189 0.3304 0.8135 0.2696 0.7189 0.8135 -0.1189 0.2696 0.8135 0.3304 -0.1189 0.8135
0.7181 0.3403 0.8195 0.2597 0.7181 0.8195 -0.1181 0.2597 0.8195 0.3403 -0.1181 0.8195
0.7170 0.3503 0.8256 0.2497 0.7170 0.8256 -0.1170 0.2497 0.8256 0.3503 -0.1170 0.8256
0.7157 0.3602 0.8316 0.2398 0.7157 0.8316 -0.1157 0.2398 0.8316 0.3602 -0.1157 0.8316
0.7141 0.3701 0.8376 0.2299 0.7141 0.8376 -0.1141 0.2299 0.8376 0.3701 -0.1141 0.8376
0.7123 0.3799 0.8436 0.2201 0.7123 0.8436 -0.1123 0.2201 0.8436 0.3799 -0.1123 0.8436
0.7103 0.3897 0.8496 0.2103 0.7103 0.8496 -0.1103 0.2103 0.8496 0.3897 -0.1103 0.8496
0.7081 0.3994 0.8556 0.2006 0.7081 0.8556 -0.1081 0.2006 0.8556 0.3994 -0.1081 0.8556
0.7056 0.4091 0.8617 0.1909 0.7056 0.8617 -0.1056 0.1909 0.8617 0.4091 -0.1056 0.8617
0.7029 0.4188 0.8677 0.1812 0.7029 0.8677 -0.1029 0.1812 0.8677 0.4188 -0.1029 0.8677
0.6999 0.4283 0.8737 0.1717 0.6999 0.8737 -0.0999 0.1717 0.8737 0.4283 -0.0999 0.8737
0.6968 0.4378 0.8797 0.1622 0.6968 0.8797 -0.0968 0.1622 0.8797 0.4378 -0.0968 0.8797
0.6934 0.4472 0.8857 0.1528 0.6934 0.8857 -0.0934 0.1528 0.8857 0.4472 -0.0934 0.8857
0.6897 0.4565 0.8917 0.1435 0.6897 0.8917 -0.0897 0.1435 0.8917 0.4565 -0.0897 0.8917
0.6859 0.4658 0.8977 0.1342 0.6859 0.8977 -0.0859 0.1342 0.8977 0.4658 -0.0859 0.8977
0.6818 0.4749 0.9038 0.1251 0.6818 0.9038 -0.0818 0.1251 0.9038 0.4749 -0.0818 0.9038
0.6776 0.4839 0.9098 0.1161 0.6776 0.9098 -0.0776 0.1161 0.9098 0.4839 -0.0776 0.9098
0.6731 0.4929 0.9158 0.1071 0.6731 0.9158 -0.0731 0.1071 0.9158 0.4929 -0.0731 0.9158
0.6684 0.5017 0.9218 0.0983 0.6684 0.9218 -0.0684 0.0983 0.9218 0.5017 -0.0684 0.9218
0.6635 0.5104 0.9278 0.0896 0.6635 0.9278 -0.0635 0.0896 0.9278 0.5104 -0.0635 0.9278
0.6584 0.5190 0.9338 0.0810 0.6584 0.9338 -0.0584 0.0810 0.9338 0.5190 -0.0584 0.9338
0.6531 0.5275 0.9398 0.0725 0.6531 0.9398 -0.0531 0.0725 0.9398 0.5275 -0.0531 0.9398
0.6475 0.5358 0.9459 0.0642 0.6475 0.9459 -0.0475 0.0642 0.9459 0.5358 -0.0475 0.9459
0.6418 0.5440 0.9519 0.0560 0.6418 0.9519 -0.0418 0.0560 0.9519 0.5440 -0.0418 0.9519
0.6359 0.5521 0.9579 0.0479 0.6359 0.9579 -0.0359 0.0479 0.9579 0.5521 -0.0359 0.9579
0.6298 0.5600 0.9639 0.0400 0.6298 0.9639 -0.0298 0.0400 0.9639 0.5600 -0.0298 0.9639
0.6235 0.5678 0.9699 0.0322 0.6235 0.9699 -0.0235 0.0322 0.9699 0.5678 -0.0235 0.9699
0.6171 0.5754 0.9759 0.0246 0.6171 0.9759 -0.0171 0.0246 0.9759 0.5754 -0.0171 0.9759
0.6104 0.5829 0.9820 0.0171 0.6104 0.9820 -0.0104 0.0171 0.9820 0.5829 -0.0104 0.9820
0.6036 0.5902 0.9880 0.0098 0.6036 0.9880 -0.0036 0.0098 0.9880 0.5902 -0.0036 0.9880
0.5966 0.5974 0.9940 0.0026 0.5966 0.9940 0.0034 0.0026 0.9940 0.5974 0.0034 0.9940
0.5970 0.5970 1.0000 0.0030 0.5970 1.0000 0.0030 0.0030 1.0000 0.5970 0.0030 1.0000
0.5898 0.6040 0.9940 -0.0040 0.5898 0.9940 0.0102 -0.0040 0.9940 0.6040 0.0102 0.9940
0.5825 0.6108 0.9880 -0.0108 0.5825 0.9880 0.0175 -0.0108 0.9880 0.6108 0.0175 0.9880
0.5750 0.6174 0.9820 -0.0174 0.5750 0.9820 0.0250 -0.0174 0.9820 0.6174 0.0250 0.9820
0.5674 0.6239 0.9759 -0.0239 0.5674 0.9759 0.0326 -0.0239 0.9759 0.6239 0.0326 0.9759
0.5596 0.6302 0.9699 -0.0302 0.5596 0.9699 0.0404 -0.0302 0.9699 0.6302 0.0404 0.9699
0.5517 0.6362 0.9639 -0.0362 0.5517 0.9639 0.0483 -0.0362 0.9639 0.6362 0.0483 0.9639
0.5436 0.6421 0.9579 -0.0421 0.5436 0.9579 0.0564 -0.0421 0.9579 0.6421 0.0564 0.9579
0.5354 0.6478 0.9519 -0.0478 0.5354 0.9519 0.0646 -0.0478 0.9519 0.6478 0.0646 0.9519
0.5270 0.6533 0.9459 -0.0533 0.5270 0.9459 0.0730 -0.0533 0.9459 0.6533 0.0730 0.9459
0.5186 0.6587 0.9398 -0.0587 0.5186 0.9398 0.0814 -0.0587 0.9398 0.6587 0.0814 0.9398
0.5100 0.6638 0.9338 -0.0638 0.5100 0.9338 0.0900 -0.0638 0.9338 0.6638 0.0900 0.9338
0.5012 0.6686 0.9278 -0.0686 0.5012 0.9278 0.0988 -0.0686 0.9278 0.6686 0.0988 0.9278
0.4924 0.6733 0.9218 -0.0733 0.4924 0.9218 0.1076 -0.0733 0.9218 0.6733 0.1076 0.9218
0.4835 0.6778 0.9158 -0.0778 0.4835 0.9158 0.1165 -0.0778 0.9158 0.6778 0.1165 0.9158
0.4744 0.6821 0.9098 -0.0821 0.4744 0.9098 0.1256 -0.0821 0.9098 0.6821 0.1256 0.9098
0.4653 0.6861 0.9038 -0.0861 0.4653 0.9038 0.1347 -0.0861 0.9038 0.6861 0.1347 0.9038
0.4560 0.6899 0.8977 -0.0899 0.4560 0.8977 0.1440 -0.0899 0.8977 0.6899 0.1440 0.8977
0.4467 0.6935 0.8917 -0.0935 0.4467 0.8917 0.1533 -0.0935 0.8917 0.6935 0.1533 0.8917
0.4373 0.6969 0.8857 -0.0969 0.4373 0.8857 0.1627 -0.0969 0.8857 0.6969 0.1627 0.8857
0.4278 0.7001 0.8797 -0.1001 0.4278 0.8797 0.1722 -0.1001 0.8797 0.7001 0.1722 0.8797
0.4182 0.7030 0.8737 -0.1030 0.4182 0.8737 0.1818 -0.1030 0.8737 0.7030 0.1818 0.8737
0.4086 0.7057 0.8677 -0.1057 0.4086 0.8677 0.1914 -0.1057 0.8677 0.7057 0.1914 0.8677
0.3989 0.7082 0.8617 -0.1082 0.3989 0.8617 0.2011 -0.1082 0.8617 0.7082 0.2011 0.8617
0.3892 0.7104 0.8556 -0.1104 0.3892 0.8556 0.2108 -0.1104 0.8556 0.7104 0.2108 0.8556
0.3794 0.7124 0.8496 -0.1124 0.3794 0.8496 0.2206 -0.1124 0.8496 0.7124 0.2206 0.8496
0.3695 0.7142 0.8436 -0.1142 0.3695 0.8436 0.2305 -0.1142 0.8436 0.7142 0.2305 0.8436
0.3597 0.7157 0.8376 -0.1157 0.3597 0.8376 0.2403 -0.1157 0.8376 0.7157 0.2403 0.8376
0.3498 0.7170 0.8316 -0.1170 0.3498 0.8316 0.2502 -0.1170 0.8316 0.7170 0.2502 0.8316
0.3398 0.7181 0.8256 -0.1181 0.3398 0.8256 0.2602 -0.1181 0.8256 0.7181 0.2602 0.8256
0.3298 0.7189 0.8195 -0.1189 0.3298 0.8195 0.2702 -0.1189 0.8195 0.7189 0.2702 0.8195
0.3199 0.7195 0.8135 -0.1195 0.3199 0.8135 0.2801 -0.1195 0.8135 0.7195 0.2801 0.8135
0.3099 0.7199 0.8075 -0.1199 0.3099 0.8075 0.2901 -0.1199 0.8075 0.7199 0.2901 0.8075
0.2999 0.7200 0.8015 -0.1200 0.2999 0.8015 0.3001 -0.1200 0.8015 0.7200 0.3001 0.8015
0.2899 0.7199 0.7955 -0.1199 0.2899 0.7955 0.3101 -0.1199 0.7955 0.7199 0.3101 0.7955
0.2799 0.7195 0.7895 -0.1195 0.2799 0.7895 0.3201 -0.1195 0.7895 0.7195 0.3201 0.7895
0.2699 0.7189 0.7835 -0.1189 0.2699 0.7835 0.3301 -0.1189 0.7835 0.7189 0.3301 0.7835
0.2599 0.7181 0.7774 -0.1181 0.2599 0.7774 0.3401 -0.1181 0.7774 0.7181 0.3401 0.7774
0.2500 0.7170 0.7714 -0.1170 0.2500 0.7714 0.3500 -0.1170 0.7714 0.7170 0.3500 0.7714
0.2401 0.7157 0.7654 -0.1157 0.2401 0.7654 0.3599 -0.1157 0.7654 0.7157 0.3599 0.7654
0.2302 0.7142 0.7594 -0.1142 0.2302 0.7594 0.3698 -0.1142 0.7594 0.7142 0.3698 0.7594
0.2204 0.7124 0.7534 -0.1124 0.2204 0.7534 0.3796 -0.1124 0.7534 0.7124 0.3796 0.7534
0.2106 0.7104 0.7474 -0.1104 0.2106 0.7474 0.3894 -0.1104 0.7474 0.7104 0.3894 0.7474
0.2008 0.7081 0.7414 -0.1081 0.2008 0.7414 0.3992 -0.1081 0.7414 0.7081 0.3992 0.7414
0.1911 0.7056 0.7353 -0.1056 0.1911 0.7353 0.4089 -0.1056 0.7353 0.7056 0.4089 0.7353
0.1815 0.7029 0.7293 -0.1029 0.1815 0.7293 0.4185 -0.1029 0.7293 0.7029 0.4185 0.7293
0.1719 0.7000 0.7233 -0.1000 0.1719 0.7233 0.4281 -0.1000 0.7233 0.7000 0.4281 0.7233
0.1625 0.6968 0.7173 -0.0968 0.1625 0.7173 0.4375 -0.0968 0.7173 0.6968 0.4375 0.7173
0.1530 0.6935 0.7113 -0.0935 0.1530 0.7113 0.4470 -0.0935 0.7113 0.6935 0.4470 0.7113
0.1437 0.6898 0.7053 -0.0898 0.1437 0.7053 0.4563 -0.0898 0.7053 0.6898 0.4563 0.7053
0.1345 0.6860 0.6992 -0.0860 0.1345 0.6992 0.4655 -0.0860 0.6992 0.6860 0.4655 0.6992
0.1253 0.6820 0.6932 -0.0820 0.1253 0.6932 0.4747 -0.0820 0.6932 0.6820 0.4747 0.6932
0.1163 0.6777 0.6872 -0.0777 0.1163 0.6872 0.4837 -0.0777 0.6872 0.6777 0.4837 0.6872
0.1074 0.6732 0.6812 -0.0732 0.1074 0.6812 0.4926 -0.0732 0.6812 0.6732 0.4926 0.6812
0.0985 0.6685 0.6752 -0.0685 0.0985 0.6752 0.5015 -0.0685 0.6752 0.6685 0.5015 0.6752
0.0898 0.6636 0.6692 -0.0636 0.0898 0.6692 0.5102 -0.0636 0.6692 0.6636 0.5102 0.6692
0.0812 0.6585 0.6632 -0.0585 0.0812 0.6632 0.5188 -0.0585 0.6632 0.6585 0.5188 0.6632
0.0727 0.6532 0.6571 -0.0532 0.0727 0.6571 0.5273 -0.0532 0.6571 0.6532 0.5273 0.6571
0.0644 0.6477 0.6511 -0.0477 0.0644 0.6511 0.5356 -0.0477 0.6511 0.6477 0.5356 0.6511
0.0562 0.6420 0.6451 -0.0420 0.0562 0.6451 0.5438 -0.0420 0.6451 0.6420 0.5438 0.6451
0.0481 0.6361 0.6391 -0.0361 0.0481 0.6391 0.5519 -0.0361 0.6391 0.6361 0.5519 0.6391
0.0402 0.6300 0.6331 -0.0300 0.0402 0.6331 0.5598 -0.0300 0.6331 0.6300 0.5598 0.6331
0.0324 0.6237 0.6271 -0.0237 0.0324 0.6271 0.5676 -0.0237 0.6271 0.6237 0.5676 0.6271
0.0248 0.6172 0.6211 -0.0172 0.0248 0.6211 0.5752 -0.0172 0.6211 0.6172 0.5752 0.6211
0.0173 0.6106 0.6150 -0.0106 0.0173 0.6150 0.5827 -0.0106 0.6150 0.6106 0.5827 0.6150
0.0100 0.6038 0.6090 -0.0038 0.0100 0.6090 0.5900 -0.0038 0.6090 0.6038 0.5900 0.6090
0.0028 0.5968 0.6030 0.0032 0.0028 0.6030 0.5972 0.0032 0.6030 0.5968 0.5972 0.6030
-0.0042 0.5896 0.5970 0.0104 -0.0042 0.5970 0.6042 0.0104 0.5970 0.5896 0.6042 0.5970
-0.0110 0.5823 0.5910 0.0177 -0.0110 0.5910 0.6110 0.0177 0.5910 0.5823 0.6110 0.5910
-0.0176 0.5748 0.5850 0.0252 -0.0176 0.5850 0.6176 0.0252 0.5850 0.5748 0.6176 0.5850
-0.0240 0.5672 0.5789 0.0328 -0.0240 0.5789 0.6240 0.0328 0.5789 0.5672 0.6240 0.5789
-0.0303 0.5594 0.5729 0.0406 -0.0303 0.5729 0.6303 0.0406 0.5729 0.5594 0.6303 0.5729
-0.0364 0.5515 0.5669 0.0485 -0.0364 0.5669 0.6364 0.0485 0.5669 0.5515 0.6364 0.5669
-0.0423 0.5434 0.5609 0.0566 -0.0423 0.5609 0.6423 0.0566 0.5609 0.5434 0.6423 0.5609
-0.0480 0.5352 0.5549 0.0648 -0.0480 0.5549 0.6480 0.0648 0.5549 0.5352 0.6480 0.5549
-0.0535 0.5268 0.5489 0.0732 -0.0535 0.5489 0.6535 0.0732 0.5489 0.5268 0.6535 0.5489
-0.0588 0.5183 0.5429 0.0817 -0.0588 0.5429 0.6588 0.0817 0.5429 0.5183 0.6588 0.5429
-0.0639 0.5097 0.5368 0.0903 -0.0639 0.5368 0.6639 0.0903 0.5368 0.5097 0.6639 0.5368
-0.0688 0.5010 0.5308 0.0990 -0.0688 0.5308 0.6688 0.0990 0.5308 0.5010 0.6688 0.5308
-0.0735 0.4922 0.5248 0.1078 -0.0735 0.5248 0.6735 0.1078 0.5248 0.4922 0.6735 0.5248
-0.0779 0.4832 0.5188 0.1168 -0.0779 0.5188 0.6779 0.1168 0.5188 0.4832 0.6779 0.5188
-0.0822 0.4742 0.5128 0.1258 -0.0822 0.5128 0.6822 0.1258 0.5128 0.4742 0.6822 0.5128
-0.0862 0.4650 0.5068 0.1350 -0.0862 0.5068 0.6862 0.1350 0.5068 0.4650 0.6862 0.5068
-0.0900 0.4558 0.5008 0.1442 -0.0900 0.5008 0.6900 0.1442 0.5008 0.4558 0.6900 0.5008
-0.0936 0.4465 0.4947 0.1535 -0.0936 0.4947 0.6936 0.1535 0.4947 0.4465 0.6936 0.4947
-0.0970 0.4370 0.4887 0.1630 -0.0970 0.4887 0.6970 0.1630 0.4887 0.4370 0.6970 0.4887
-0.1002 0.4276 0.4827 0.1724 -0.1002 0.4827 0.7002 0.1724 0.4827 0.4276 0.7002 0.4827
-0.1031 0.4180 0.4767 0.1820 -0.1031 0.4767 0.7031 0.1820 0.4767 0.4180 0.7031 0.4767
-0.1058 0.4084 0.4707 0.1916 -0.1058 0.4707 0.7058 0.1916 0.4707 0.4084 0.7058 0.4707
-0.1082 0.3987 0.4647 0.2013 -0.1082 0.4647 0.7082 0.2013 0.4647 0.3987 0.7082 0.4647
-0.1105 0.3889 0.4586 0.2111 -0.1105 0.4586 0.7105 0.2111 0.4586 0.3889 0.7105 0.4586
-0.1125 0.3791 0.4526 0.2209 -0.1125 0.4526 0.7125 0.2209 0.4526 0.3791 0.7125 0.4526
-0.1142 0.3693 0.4466 0.2307 -0.1142 0.4466 0.7142 0.2307 0.4466 0.3693 0.7142 0.4466
-0.1158 0.3594 0.4406 0.2406 -0.1158 0.4406 0.7158 0.2406 0.4406 0.3594 0.7158 0.4406
-0.1171 0.3495 0.4346 0.2505 -0.1171 0.4346 0.7171 0.2505 0.4346 0.3495 0.7171 0.4346
-0.1181 0.3395 0.4286 0.2605 -0.1181 0.4286 0.7181 0.2605 0.4286 0.3395 0.7181 0.4286
-0.1190 0.3296 0.4226 0.2704 -0.1190 0.4226 0.7190 0.2704 0.4226 0.3296 0.7190 0.4226
-0.1195 0.3196 0.4165 0.2804 -0.1195 0.4165 0.7195 0.2804 0.4165 0.3196 0.7195 0.4165
-0.1199 0.3096 0.4105 0.2904 -0.1199 0.4105 0.7199 0.2904 0.4105 0.3096 0.7199 0.4105
-0.1200 0.2996 0.4045 0.3004 -0.1200 0.4045 0.7200 0.3004 0.4045 0.2996 0.7200 0.4045
-0.1199 0.2896 0.3985 0.3104 -0.1199 0.3985 0.7199 0.3104 0.3985 0.2896 0.7199 0.3985
-0.1195 0.2796 0.3925 0.3204 -0.1195 0.3925 0.7195 0.3204 0.3925 0.2796 0.7195 0.3925
-0.1189 0.2696 0.3865 0.3304 -0.1189 0.3865 0.7189 0.3304 0.3865 0.2696 0.7189 0.3865
-0.1181 0.2597 0.3805 0.3403 -0.1181 0.3805 0.7181 0.3403 0.3805 0.2597 0.7181 0.3805
-0.1170 0.2497 0.3744 0.3503 -0.1170 0.3744 0.7170 0.3503 0.3744 0.2497 0.7170 0.3744
-0.1157 0.2398 0.3684 0.3602 -0.1157 0.3684 0.7157 0.3602 0.3684 0.2398 0.7157 0.3684
-0.1141 0.2299 0.3624 0.3701 -0.1141 0.3624 0.7141 0.3701 0.3624 0.2299 0.7141 0.3624
-0.1123 0.2201 0.3564 0.3799 -0.1123 0.3564 0.7123 0.3799 0.3564 0.2201 0.7123 0.3564
-0.1103 0.2103 0.3504 0.3897 -0.1103 0.3504 0.7103 0.3897 0.3504 0.2103 0.7103 0.3504
-0.1081 0.2006 0.3444 0.3994 -0.1081 0.3444 0.7081 0.3994 0.3444 0.2006 0.7081 0.3444
-0.1056 0.1909 0.3383 0.4091 -0.1056 0.3383 0.7056 0.4091 0.3383 0.1909 0.7056 0.3383
-0.1029 0.1812 0.3323 0.4188 -0.1029 0.3323 0.7029 0.4188 0.3323 0.1812 0.7029 0.3323
-0.0999 0.1717 0.3263 0.4283 -0.0999 0.3263 0.6999 0.4283 0.3263 0.1717 0.6999 0.3263
-0.0968 0.1622 0.3203 0.4378 -0.0968 0.3203 0.6968 0.4378 0.3203 0.1622 0.6968 0.3203
-0.0934 0.1528 0.3143 0.4472 -0.0934 0.3143 0.6934 0.4472 0.3143 0.1528 0.6934 0.3143
-0.0897 0.1435 0.3083 0.4565 -0.0897 0.3083 0.6897 0.4565 0.3083 0.1435 0.6897 0.3083
-0.0859 0.1342 0.3023 0.4658 -0.0859 0.3023 0.6859 0.4658 0.3023 0.1342 0.6859 0.3023
-0.0818 0.1251 0.2962 0.4749 -0.0818 0.2962 0.6818 0.4749 0.2962 0.1251 0.6818 0.2962
-0.0776 0.1161 0.2902 0.4839 -0.0776 0.2902 0.6776 0.4839 0.2902 0.1161 0.6776 0.2902
-0.0731 0.1071 0.2842 0.4929 -0.0731 0.2842 0.6731 0.4929 0.2842 0.1071 0.6731 0.2842
-0.0684 0.0983 0.2782 0.5017 -0.0684 0.2782 0.6684 0.5017 0.2782 0.0983 0.6684 0.2782
-0.0635 0.0896 0.2722 0.5104 -0.0635 0.2722 0.6635 0.5104 0.2722 0.0896 0.6635 0.2722
-0.0584 0.0810 0.2662 0.5190 -0.0584 0.2662 0.6584 0.5190 0.2662 0.0810 0.6584 0.2662
-0.0531 0.0725 0.2602 0.5275 -0.0531 0.2602 0.6531 0.5275 0.2602 0.0725 0.6531 0.2602
-0.0475 0.0642 0.2541 0.5358 -0.0475 0.2541 0.6475 0.5358 0.2541 0.0642 0.6475 0.2541
-0.0418 0.0560 0.2481 0.5440 -0.0418 0.2481 0.6418 0.5440 0.2481 0.0560 0.6418 0.2481
-0.0359 0.0479 0.2421 0.5521 -0.0359 0.2421 0.6359 0.5521 0.2421 0.0479 0.6359 0.2421
-0.0298 0.0400 0.2361 0.5600 -0.0298 0.2361 0.6298 0.5600 0.2361 0.0400 0.6298 0.2361
-0.0235 0.0322 0.2301 0.5678 -0.0235 0.2301 0.6235 0.5678 0.2301 0.0322 0.6235 0.2301
-0.0171 0.0246 0.2241 0.5754 -0.0171 0.2241 0.6171 0.5754 0.2241 0.0246 0.6171 0.2241
-0.0104 0.0171 0.2180 0.5829 -0.0104 0.2180 0.6104 0.5829 0.2180 0.0171 0.6104 0.2180
-0.0036 0.0098 0.2120 0.5902 -0.0036 0.2120 0.6036 0.5902 0.2120 0.0098 0.6036 0.2120
0.0034 0.0026 0.2060 0.5974 0.0034 0.2060 0.5966 0.5974 0.2060 0.0026 0.5966 0.2060
-0.0536 -0.0536 0.2000 0.6536 -0.0536 0.2000 0.6536 0.6536 0.2000 -0.0536 0.6536 0.2000
-0.0536 -0.0536 0.2000 0.6536 -0.0536 0.2000 0.6536 0.6536 0.2000 -0.0536 0.6536 0.2000
-0.0536 -0.0536 0.2000 0.6536 -0.0536 0.2000 0.6536 0.6536 0.2000 -0.0536 0.6536 0.2000
-0.0536 -0.0536 0.2000 0.6536 -0.0536 0.2000 0.6536 0.6536 0.2000 -0.0536 0.6536 0.2000
0.0030 0.0030 0.2000 0.5970 0.0030 0.2000 0.5970 0.5970 0.2000 0.0030 0.5970 0.2000
0.0030 0.0030 0.2000 0.5970 0.0030 0.2000 0.5970 0.5970 0.2000 0.0030 0.5970 0.2000
0.0030 0.0030 0.2000 0.5970 0.0030 0.2000 0.5970 0.5970 0.2000 0.0030 0.5970 0.2000
0.0030 0.0030 0.2000 0.5970 0.0030 0.2000 0.5970 0.5970 0.2000 0.0030 0.5970 0.2000
0.0030 0.0030 0.2000 0.5970 0.0030 0.2000 0.5970 0.5970 0.2000 0.0030 0.5970 0.2000
0.0030 0.0030 0.2000 0.5970 0.0030 0.2000 0.5970 0.5970 0.2000 0.0030 0.5970 0.2000
0.0030 0.0030 0.2000 0.5970 0.0030 0.2000 0.5970 0.5970 0.2000 0.0030 0.5970 0.2000
0.0030 0.0030 0.2000 0.5970 0.0030 0.2000 0.5970 0.5970 0.2000 0.0030 0.5970 0.2000
0.0030 0.0030 0.2000 0.5970 0.0030 0.2000 0.5970 0.5970 0.2000 0.0030 0.5970 0.2000
0.0030 0.0030 0.2000 0.5970 0.0030 0.2000 0.5970 0.5970 0.2000 0.0030 0.5970 0.2000
0.0030 0.0030 0.2000 0.5970 0.0030 0.2000 0.5970 0.5970 0.2000 0.0030 0.5970 0.2000
0.0030 0.0030 0.2000 0.5970 0.0030 0.2000 0.5970 0.5970 0.2000 0.0030 0.5970 0.2000
0.0030 0.0030 0.2000 0.5970 0.0030 0.2000 0.5970 0.5970 0.2000 0.0030 0.5970 0.2000
0.0030 0.0030 0.2000 0.5970 0.0030 0.2000 0.5970 0.5970 0.2000 0.0030 0.5970 0.2000
0.0030 0.0030 0.2000 0.5970 0.0030 0.2000 0.5970 0.5970 0.2000 0.0030 0.5970 0.2000
0.0030 0.0030 0.2000 0.5970 0.0030 0.2000 0.5970 0.5970 0.2000 0.0030 0.5970 0.2000
0.0030 0.0030 0.2000 0.5970 0.0030 0.2000 0.5970 0.5970 0.2000 0.0030 0.5970 0.2000
0.0030 0.0030 0.2000 0.5970 0.0030 0.2000 0.5970 0.5970 0.2000 0.0030 0.5970 0.2000
0.0030 0.0030 0.2000 0.5970 0.0030 0.2000 0.5970 0.5970 0.2000 0.0030 0.5970 0.2000
0.0030 0.0030 0.2000 0.5970 0.0030 0.2000 0.5970 0.5970 0.2000 0.0030 0.5970 0.2000
