0.0030 0.0030 0.2000 0.5970 0.0030 0.2000 0.5970 0.5970 0.2000 0.0030 0.5970 0.2000
0.0030 0.0030 0.2000 0.5970 0.0030 0.2000 0.5970 0.5970 0.2000 0.0030 0.5970 0.2000
0.0030 0.0030 0.2000 0.5970 0.0030 0.2000 0.5970 0.5970 0.2000 0.0030 0.5970 0.2000
0.0030 0.0030 0.2000 0.5970 0.0030 0.2000 0.5970 0.5970 0.2000 0.0030 0.5970 0.2000
0.0030 0.0030 0.2000 0.5970 0.0030 0.2000 0.5970 0.5970 0.2000 0.0030 0.5970 0.2000
0.0030 0.0030 0.2000 0.5970 0.0030 0.2000 0.5970 0.5970 0.2000 0.0030 0.5970 0.2000
0.0030 0.0030 0.2000 0.5970 0.0030 0.2000 0.5970 0.5970 0.2000 0.0030 0.5970 0.2000
0.0030 0.0030 0.2000 0.5970 0.0030 0.2000 0.5970 0.5970 0.2000 0.0030 0.5970 0.2000
0.0030 0.0030 0.2000 0.5970 0.0030 0.2000 0.5970 0.5970 0.2000 0.0030 0.5970 0.2000
0.0030 0.0030 0.2000 0.5970 0.0030 0.2000 0.5970 0.5970 0.2000 0.0030 0.5970 0.2000
0.0030 0.0030 0.2000 0.5970 0.0030 0.2000 0.5970 0.5970 0.2000 0.0030 0.5970 0.2000
0.0030 0.0030 0.2000 0.5970 0.0030 0.2000 0.5970 0.5970 0.2000 0.0030 0.5970 0.2000
0.0030 0.0030 0.2000 0.5970 0.0030 0.2000 0.5970 0.5970 0.2000 0.0030 0.5970 0.2000
0.0030 0.0030 0.2000 0.5970 0.0030 0.2000 0.5970 0.5970 0.2000 0.0030 0.5970 0.2000
0.0030 0.0030 0.2000 0.5970 0.0030 0.2000 0.5970 0.5970 0.2000 0.0030 0.5970 0.2000
0.0030 0.0030 0.2000 0.5970 0.0030 0.2000 0.5970 0.5970 0.2000 0.0030 0.5970 0.2000
0.0030 0.0030 0.2000 0.5970 0.0030 0.2000 0.5970 0.5970 0.2000 0.0030 0.5970 0.2000
0.0030 0.0030 0.2000 0.5970 0.0030 0.2000 0.5970 0.5970 0.2000 0.0030 0.5970 0.2000
0.0030 0.0030 0.2000 0.5970 0.0030 0.2000 0.5970 0.5970 0.2000 0.0030 0.5970 0.2000
0.0030 0.0030 0.2000 0.5970 0.0030 0.2000 0.5970 0.5970 0.2000 0.0030 0.5970 0.2000
0.0030 0.0030 0.2000 0.5970 0.0030 0.2000 0.5970 0.5970 0.2000 0.0030 0.5970 0.2000
0.0030 0.0179 0.2000 0.5821 0.0030 0.2000 0.5970 0.5821 0.2000 0.0179 0.5970 0.2000
0.0030 0.0327 0.2000 0.5673 0.0030 0.2000 0.5970 0.5673 0.2000 0.0327 0.5970 0.2000
0.0030 0.0476 0.2000 0.5524 0.0030 0.2000 0.5970 0.5524 0.2000 0.0476 0.5970 0.2000
0.0030 0.0624 0.2000 0.5376 0.0030 0.2000 0.5970 0.5376 0.2000 0.0624 0.5970 0.2000
0.0030 0.0773 0.2000 0.5227 0.0030 0.2000 0.5970 0.5227 0.2000 0.0773 0.5970 0.2000
0.0030 0.0921 0.2000 0.5079 0.0030 0.2000 0.5970 0.5079 0.2000 0.0921 0.5970 0.2000
0.0030 0.1070 0.2000 0.4930 0.0030 0.2000 0.5970 0.4930 0.2000 0.1070 0.5970 0.2000
0.0030 0.1218 0.2000 0.4782 0.0030 0.2000 0.5970 0.4782 0.2000 0.1218 0.5970 0.2000
0.0030 0.1367 0.2000 0.4633 0.0030 0.2000 0.5970 0.4633 0.2000 0.1367 0.5970 0.2000
0.0030 0.1515 0.2000 0.4485 0.0030 0.2000 0.5970 0.4485 0.2000 0.1515 0.5970 0.2000
0.0030 0.1664 0.2000 0.4336 0.0030 0.2000 0.5970 0.4336 0.2000 0.1664 0.5970 0.2000
0.0030 0.1812 0.2000 0.4188 0.0030 0.2000 0.5970 0.4188 0.2000 0.1812 0.5970 0.2000
0.0030 0.1961 0.2000 0.4039 0.0030 0.2000 0.5970 0.4039 0.2000 0.1961 0.5970 0.2000
0.0030 0.2109 0.2000 0.3891 0.0030 0.2000 0.5970 0.3891 0.2000 0.2109 0.5970 0.2000
0.0030 0.2258 0.2000 0.3742 0.0030 0.2000 0.5970 0.3742 0.2000 0.2258 0.5970 0.2000
0.0030 0.2406 0.2000 0.3594 0.0030 0.2000 0.5970 0.3594 0.2000 0.2406 0.5970 0.2000
0.0030 0.2555 0.2000 0.3445 0.0030 0.2000 0.5970 0.3445 0.2000 0.2555 0.5970 0.2000
0.0030 0.2703 0.2000 0.3297 0.0030 0.2000 0.5970 0.3297 0.2000 0.2703 0.5970 0.2000
0.0030 0.2852 0.2000 0.3148 0.0030 0.2000 0.5970 0.3148 0.2000 0.2852 0.5970 0.2000
0.0030 0.3000 0.2000 0.3000 0.0030 0.2000 0.5970 0.3000 0.2000 0.3000 0.5970 0.2000
0.0030 0.3148 0.2000 0.2852 0.0030 0.2000 0.5970 0.2852 0.2000 0.3148 0.5970 0.2000
0.0030 0.3297 0.2000 0.2703 0.0030 0.2000 0.5970 0.2703 0.2000 0.3297 0.5970 0.2000
0.0030 0.3445 0.2000 0.2555 0.0030 0.2000 0.5970 0.2555 0.2000 0.3445 0.5970 0.2000
0.0030 0.3594 0.2000 0.2406 0.0030 0.2000 0.5970 0.2406 0.2000 0.3594 0.5970 0.2000
0.0030 0.3742 0.2000 0.2258 0.0030 0.2000 0.5970 0.2258 0.2000 0.3742 0.5970 0.2000
0.0030 0.3891 0.2000 0.2109 0.0030 0.2000 0.5970 0.2109 0.2000 0.3891 0.5970 0.2000
0.0030 0.4039 0.2000 0.1961 0.0030 0.2000 0.5970 0.1961 0.2000 0.4039 0.5970 0.2000
0.0030 0.4188 0.2000 0.1812 0.0030 0.2000 0.5970 0.1812 0.2000 0.4188 0.5970 0.2000
0.0030 0.4336 0.2000 0.1664 0.0030 0.2000 0.5970 0.1664 0.2000 0.4336 0.5970 0.2000
0.0030 0.4485 0.2000 0.1515 0.0030 0.2000 0.5970 0.1515 0.2000 0.4485 0.5970 0.2000
0.0030 0.4633 0.2000 0.1367 0.0030 0.2000 0.5970 0.1367 0.2000 0.4633 0.5970 0.2000
0.0030 0.4782 0.2000 0.1218 0.0030 0.2000 0.5970 0.1218 0.2000 0.4782 0.5970 0.2000
0.0030 0.4930 0.2000 0.1070 0.0030 0.2000 0.5970 0.1070 0.2000 0.4930 0.5970 0.2000
0.0030 0.5079 0.2000 0.0921 0.0030 0.2000 0.5970 0.0921 0.2000 0.5079 0.5970 0.2000
0.0030 0.5227 0.2000 0.0773 0.0030 0.2000 0.5970 0.0773 0.2000 0.5227 0.5970 0.2000
0.0030 0.5376 0.2000 0.0624 0.0030 0.2000 0.5970 0.0624 0.2000 0.5376 0.5970 0.2000
0.0030 0.5524 0.2000 0.0476 0.0030 0.2000 0.5970 0.0476 0.2000 0.5524 0.5970 0.2000
0.0030 0.5673 0.2000 0.0327 0.0030 0.2000 0.5970 0.0327 0.2000 0.5673 0.5970 0.2000
0.0030 0.5821 0.2000 0.0179 0.0030 0.2000 0.5970 0.0179 0.2000 0.5821 0.5970 0.2000
0.0030 0.5970 0.2000 0.0030 0.0030 0.2000 0.5970 0.0030 0.2000 0.5970 0.5970 0.2000
0.0030 0.5970 0.2000 0.0030 0.0030 0.2000 0.5970 0.0030 0.2000 0.5970 0.5970 0.2000
0.0179 0.5970 0.2000 0.0030 0.0179 0.2000 0.5821 0.0030 0.2000 0.5970 0.5821 0.2000
0.0327 0.5970 0.2000 0.0030 0.0327 0.2000 0.5673 0.0030 0.2000 0.5970 0.5673 0.2000
0.0476 0.5970 0.2000 0.0030 0.0476 0.2000 0.5524 0.0030 0.2000 0.5970 0.5524 0.2000
0.0624 0.5970 0.2000 0.0030 0.0624 0.2000 0.5376 0.0030 0.2000 0.5970 0.5376 0.2000
0.0773 0.5970 0.2000 0.0030 0.0773 0.2000 0.5227 0.0030 0.2000 0.5970 0.5227 0.2000
0.0921 0.5970 0.2000 0.0030 0.0921 0.2000 0.5079 0.0030 0.2000 0.5970 0.5079 0.2000
0.1070 0.5970 0.2000 0.0030 0.1070 0.2000 0.4930 0.0030 0.2000 0.5970 0.4930 0.2000
0.1218 0.5970 0.2000 0.0030 0.1218 0.2000 0.4782 0.0030 0.2000 0.5970 0.4782 0.2000
0.1367 0.5970 0.2000 0.0030 0.1367 0.2000 0.4633 0.0030 0.2000 0.5970 0.4633 0.2000
0.1515 0.5970 0.2000 0.0030 0.1515 0.2000 0.4485 0.0030 0.2000 0.5970 0.4485 0.2000
0.1664 0.5970 0.2000 0.0030 0.1664 0.2000 0.4336 0.0030 0.2000 0.5970 0.4336 0.2000
0.1812 0.5970 0.2000 0.0030 0.1812 0.2000 0.4188 0.0030 0.2000 0.5970 0.4188 0.2000
0.1961 0.5970 0.2000 0.0030 0.1961 0.2000 0.4039 0.0030 0.2000 0.5970 0.4039 0.2000
0.2109 0.5970 0.2000 0.0030 0.2109 0.2000 0.3891 0.0030 0.2000 0.5970 0.3891 0.2000
0.2258 0.5970 0.2000 0.0030 0.2258 0.2000 0.3742 0.0030 0.2000 0.5970 0.3742 0.2000
0.2406 0.5970 0.2000 0.0030 0.2406 0.2000 0.3594 0.0030 0.2000 0.5970 0.3594 0.2000
0.2555 0.5970 0.2000 0.0030 0.2555 0.2000 0.3445 0.0030 0.2000 0.5970 0.3445 0.2000
0.2703 0.5970 0.2000 0.0030 0.2703 0.2000 0.3297 0.0030 0.2000 0.5970 0.3297 0.2000
0.2852 0.5970 0.2000 0.0030 0.2852 0.2000 0.3148 0.0030 0.2000 0.5970 0.3148 0.2000
0.3000 0.5970 0.2000 0.0030 0.3000 0.2000 0.3000 0.0030 0.2000 0.5970 0.3000 0.2000
0.3148 0.5970 0.2000 0.0030 0.3148 0.2000 0.2852 0.0030 0.2000 0.5970 0.2852 0.2000
0.3297 0.5970 0.2000 0.0030 0.3297 0.2000 0.2703 0.0030 0.2000 0.5970 0.2703 0.2000
0.3445 0.5970 0.2000 0.0030 0.3445 0.2000 0.2555 0.0030 0.2000 0.5970 0.2555 0.2000
0.3594 0.5970 0.2000 0.0030 0.3594 0.2000 0.2406 0.0030 0.2000 0.5970 0.2406 0.2000
0.3742 0.5970 0.2000 0.0030 0.3742 0.2000 0.2258 0.0030 0.2000 0.5970 0.2258 0.2000
0.3891 0.5970 0.2000 0.0030 0.3891 0.2000 0.2109 0.0030 0.2000 0.5970 0.2109 0.2000
0.4039 0.5970 0.2000 0.0030 0.4039 0.2000 0.1961 0.0030 0.2000 0.5970 0.1961 0.2000
0.4188 0.5970 0.2000 0.0030 0.4188 0.2000 0.1812 0.0030 0.2000 0.5970 0.1812 0.2000
0.4336 0.5970 0.2000 0.0030 0.4336 0.2000 0.1664 0.0030 0.2000 0.5970 0.1664 0.2000
0.4485 0.5970 0.2000 0.0030 0.4485 0.2000 0.1515 0.0030 0.2000 0.5970 0.1515 0.2000
0.4633 0.5970 0.2000 0.0030 0.4633 0.2000 0.1367 0.0030 0.2000 0.5970 0.1367 0.2000
0.4782 0.5970 0.2000 0.0030 0.4782 0.2000 0.1218 0.0030 0.2000 0.5970 0.1218 0.2000
0.4930 0.5970 0.2000 0.0030 0.4930 0.2000 0.1070 0.0030 0.2000 0.5970 0.1070 0.2000
0.5079 0.5970 0.2000 0.0030 0.5079 0.2000 0.0921 0.0030 0.2000 0.5970 0.0921 0.2000
0.5227 0.5970 0.2000 0.0030 0.5227 0.2000 0.0773 0.0030 0.2000 0.5970 0.0773 0.2000
0.5376 0.5970 0.2000 0.0030 0.5376 0.2000 0.0624 0.0030 0.2000 0.5970 0.0624 0.2000
0.5524 0.5970 0.2000 0.0030 0.5524 0.2000 0.0476 0.0030 0.2000 0.5970 0.0476 0.2000
0.5673 0.5970 0.2000 0.0030 0.5673 0.2000 0.0327 0.0030 0.2000 0.5970 0.0327 0.2000
0.5821 0.5970 0.2000 0.0030 0.5821 0.2000 0.0179 0.0030 0.2000 0.5970 0.0179 0.2000
0.5970 0.5970 0.2000 0.0030 0.5970 0.2000 0.0030 0.0030 0.2000 0.5970 0.0030 0.2000
0.5970 0.5970 0.2000 0.0030 0.5970 0.2000 0.0030 0.0030 0.2000 0.5970 0.0030 0.2000
0.5970 0.5821 0.2000 0.0179 0.5970 0.2000 0.0030 0.0179 0.2000 0.5821 0.0030 0.2000
0.5970 0.5673 0.2000 0.0327 0.5970 0.2000 0.0030 0.0327 0.2000 0.5673 0.0030 0.2000
0.5970 0.5524 0.2000 0.0476 0.5970 0.2000 0.0030 0.0476 0.2000 0.5524 0.0030 0.2000
0.5970 0.5376 0.2000 0.0624 0.5970 0.2000 0.0030 0.0624 0.2000 0.5376 0.0030 0.2000
0.5970 0.5227 0.2000 0.0773 0.5970 0.2000 0.0030 0.0773 0.2000 0.5227 0.0030 0.2000
0.5970 0.5079 0.2000 0.0921 0.5970 0.2000 0.0030 0.0921 0.2000 0.5079 0.0030 0.2000
0.5970 0.4930 0.2000 0.1070 0.5970 0.2000 0.0030 0.1070 0.2000 0.4930 0.0030 0.2000
0.5970 0.4782 0.2000 0.1218 0.5970 0.2000 0.0030 0.1218 0.2000 0.4782 0.0030 0.2000
0.5970 0.4633 0.2000 0.1367 0.5970 0.2000 0.0030 0.1367 0.2000 0.4633 0.0030 0.2000
0.5970 0.4485 0.2000 0.1515 0.5970 0.2000 0.0030 0.1515 0.2000 0.4485 0.0030 0.2000
0.5970 0.4336 0.2000 0.1664 0.5970 0.2000 0.0030 0.1664 0.2000 0.4336 0.0030 0.2000
0.5970 0.4188 0.2000 0.1812 0.5970 0.2000 0.0030 0.1812 0.2000 0.4188 0.0030 0.2000
0.5970 0.4039 0.2000 0.1961 0.5970 0.2000 0.0030 0.1961 0.2000 0.4039 0.0030 0.2000
0.5970 0.3891 0.2000 0.2109 0.5970 0.2000 0.0030 0.2109 0.2000 0.3891 0.0030 0.2000
0.5970 0.3742 0.2000 0.2258 0.5970 0.2000 0.0030 0.2258 0.2000 0.3742 0.0030 0.2000
0.5970 0.3594 0.2000 0.2406 0.5970 0.2000 0.0030 0.2406 0.2000 0.3594 0.0030 0.2000
0.5970 0.3445 0.2000 0.2555 0.5970 0.2000 0.0030 0.2555 0.2000 0.3445 0.0030 0.2000
0.5970 0.3297 0.2000 0.2703 0.5970 0.2000 0.0030 0.2703 0.2000 0.3297 0.0030 0.2000
0.5970 0.3148 0.2000 0.2852 0.5970 0.2000 0.0030 0.2852 0.2000 0.3148 0.0030 0.2000
0.5970 0.3000 0.2000 0.3000 0.5970 0.2000 0.0030 0.3000 0.2000 0.3000 0.0030 0.2000
0.5970 0.2852 0.2000 0.3148 0.5970 0.2000 0.0030 0.3148 0.2000 0.2852 0.0030 0.2000
0.5970 0.2703 0.2000 0.3297 0.5970 0.2000 0.0030 0.3297 0.2000 0.2703 0.0030 0.2000
0.5970 0.2555 0.2000 0.3445 0.5970 0.2000 0.0030 0.3445 0.2000 0.2555 0.0030 0.2000
0.5970 0.2406 0.2000 0.3594 0.5970 0.2000 0.0030 0.3594 0.2000 0.2406 0.0030 0.2000
0.5970 0.2258 0.2000 0.3742 0.5970 0.2000 0.0030 0.3742 0.2000 0.2258 0.0030 0.2000
0.5970 0.2109 0.2000 0.3891 0.5970 0.2000 0.0030 0.3891 0.2000 0.2109 0.0030 0.2000
0.5970 0.1961 0.2000 0.4039 0.5970 0.2000 0.0030 0.4039 0.2000 0.1961 0.0030 0.2000
0.5970 0.1812 0.2000 0.4188 0.5970 0.2000 0.0030 0.4188 0.2000 0.1812 0.0030 0.2000
0.5970 0.1664 0.2000 0.4336 0.5970 0.2000 0.0030 0.4336 0.2000 0.1664 0.0030 0.2000
0.5970 0.1515 0.2000 0.4485 0.5970 0.2000 0.0030 0.4485 0.2000 0.1515 0.0030 0.2000
0.5970 0.1367 0.2000 0.4633 0.5970 0.2000 0.0030 0.4633 0.2000 0.1367 0.0030 0.2000
0.5970 0.1218 0.2000 0.4782 0.5970 0.2000 0.0030 0.4782 0.2000 0.1218 0.0030 0.2000
0.5970 0.1070 0.2000 0.4930 0.5970 0.2000 0.0030 0.4930 0.2000 0.1070 0.0030 0.2000
0.5970 0.0921 0.2000 0.5079 0.5970 0.2000 0.0030 0.5079 0.2000 0.0921 0.0030 0.2000
0.5970 0.0773 0.2000 0.5227 0.5970 0.2000 0.0030 0.5227 0.2000 0.0773 0.0030 0.2000
0.5970 0.0624 0.2000 0.5376 0.5970 0.2000 0.0030 0.5376 0.2000 0.0624 0.0030 0.2000
0.5970 0.0476 0.2000 0.5524 0.5970 0.2000 0.0030 0.5524 0.2000 0.0476 0.0030 0.2000
0.5970 0.0327 0.2000 0.5673 0.5970 0.2000 0.0030 0.5673 0.2000 0.0327 0.0030 0.2000
0.5970 0.0179 0.2000 0.5821 0.5970 0.2000 0.0030 0.5821 0.2000 0.0179 0.0030 0.2000
0.5970 0.0030 0.2000 0.5970 0.5970 0.2000 0.0030 0.5970 0.2000 0.0030 0.0030 0.2000
0.5970 0.0030 0.2000 0.5970 0.5970 0.2000 0.0030 0.5970 0.2000 0.0030 0.0030 0.2000
0.5821 0.0030 0.2000 0.5970 0.5821 0.2000 0.0179 0.5970 0.2000 0.0030 0.0179 0.2000
0.5673 0.0030 0.2000 0.5970 0.5673 0.2000 0.0327 0.5970 0.2000 0.0030 0.0327 0.2000
0.5524 0.0030 0.2000 0.5970 0.5524 0.2000 0.0476 0.5970 0.2000 0.0030 0.0476 0.2000
0.5376 0.0030 0.2000 0.5970 0.5376 0.2000 0.0624 0.5970 0.2000 0.0030 0.0624 0.2000
0.5227 0.0030 0.2000 0.5970 0.5227 0.2000 0.0773 0.5970 0.2000 0.0030 0.0773 0.2000
0.5079 0.0030 0.2000 0.5970 0.5079 0.2000 0.0921 0.5970 0.2000 0.0030 0.0921 0.2000
0.4930 0.0030 0.2000 0.5970 0.4930 0.2000 0.1070 0.5970 0.2000 0.0030 0.1070 0.2000
0.4782 0.0030 0.2000 0.5970 0.4782 0.2000 0.1218 0.5970 0.2000 0.0030 0.1218 0.2000
0.4633 0.0030 0.2000 0.5970 0.4633 0.2000 0.1367 0.5970 0.2000 0.0030 0.1367 0.2000
0.4485 0.0030 0.2000 0.5970 0.4485 0.2000 0.1515 0.5970 0.2000 0.0030 0.1515 0.2000
0.4336 0.0030 0.2000 0.5970 0.4336 0.2000 0.1664 0.5970 0.2000 0.0030 0.1664 0.2000
0.4188 0.0030 0.2000 0.5970 0.4188 0.2000 0.1812 0.5970 0.2000 0.0030 0.1812 0.2000
0.4039 0.0030 0.2000 0.5970 0.4039 0.2000 0.1961 0.5970 0.2000 0.0030 0.1961 0.2000
0.3891 0.0030 0.2000 0.5970 0.3891 0.2000 0.2109 0.5970 0.2000 0.0030 0.2109 0.2000
0.3742 0.0030 0.2000 0.5970 0.3742 0.2000 0.2258 0.5970 0.2000 0.0030 0.2258 0.2000
0.3594 0.0030 0.2000 0.5970 0.3594 0.2000 0.2406 0.5970 0.2000 0.0030 0.2406 0.2000
0.3445 0.0030 0.2000 0.5970 0.3445 0.2000 0.2555 0.5970 0.2000 0.0030 0.2555 0.2000
0.3297 0.0030 0.2000 0.5970 0.3297 0.2000 0.2703 0.5970 0.2000 0.0030 0.2703 0.2000
0.3148 0.0030 0.2000 0.5970 0.3148 0.2000 0.2852 0.5970 0.2000 0.0030 0.2852 0.2000
0.3000 0.0030 0.2000 0.5970 0.3000 0.2000 0.3000 0.5970 0.2000 0.0030 0.3000 0.2000
0.2852 0.0030 0.2000 0.5970 0.2852 0.2000 0.3148 0.5970 0.2000 0.0030 0.3148 0.2000
0.2703 0.0030 0.2000 0.5970 0.2703 0.2000 0.3297 0.5970 0.2000 0.0030 0.3297 0.2000
0.2555 0.0030 0.2000 0.5970 0.2555 0.2000 0.3445 0.5970 0.2000 0.0030 0.3445 0.2000
0.2406 0.0030 0.2000 0.5970 0.2406 0.2000 0.3594 0.5970 0.2000 0.0030 0.3594 0.2000
0.2258 0.0030 0.2000 0.5970 0.2258 0.2000 0.3742 0.5970 0.2000 0.0030 0.3742 0.2000
0.2109 0.0030 0.2000 0.5970 0.2109 0.2000 0.3891 0.5970 0.2000 0.0030 0.3891 0.2000
0.1961 0.0030 0.2000 0.5970 0.1961 0.2000 0.4039 0.5970 0.2000 0.0030 0.4039 0.2000
0.1812 0.0030 0.2000 0.5970 0.1812 0.2000 0.4188 0.5970 0.2000 0.0030 0.4188 0.2000
0.1664 0.0030 0.2000 0.5970 0.1664 0.2000 0.4336 0.5970 0.2000 0.0030 0.4336 0.2000
0.1515 0.0030 0.2000 0.5970 0.1515 0.2000 0.4485 0.5970 0.2000 0.0030 0.4485 0.2000
0.1367 0.0030 0.2000 0.5970 0.1367 0.2000 0.4633 0.5970 0.2000 0.0030 0.4633 0.2000
0.1218 0.0030 0.2000 0.5970 0.1218 0.2000 0.4782 0.5970 0.2000 0.0030 0.4782 0.2000
0.1070 0.0030 0.2000 0.5970 0.1070 0.2000 0.4930 0.5970 0.2000 0.0030 0.4930 0.2000
0.0921 0.0030 0.2000 0.5970 0.0921 0.2000 0.5079 0.5970 0.2000 0.0030 0.5079 0.2000
0.0773 0.0030 0.2000 0.5970 0.0773 0.2000 0.5227 0.5970 0.2000 0.0030 0.5227 0.2000
0.0624 0.0030 0.2000 0.5970 0.0624 0.2000 0.5376 0.5970 0.2000 0.0030 0.5376 0.2000
0.0476 0.0030 0.2000 0.5970 0.0476 0.2000 0.5524 0.5970 0.2000 0.0030 0.5524 0.2000
0.0327 0.0030 0.2000 0.5970 0.0327 0.2000 0.5673 0.5970 0.2000 0.0030 0.5673 0.2000
0.0179 0.0030 0.2000 0.5970 0.0179 0.2000 0.5821 0.5970 0.2000 0.0030 0.5821 0.2000
0.0030 0.0030 0.2000 0.5970 0.0030 0.2000 0.5970 0.5970 0.2000 0.0030 0.5970 0.2000
0.0030 0.0030 0.2000 0.5970 0.0030 0.2000 0.5970 0.5970 0.2000 0.0030 0.5970 0.2000
0.0030 0.0030 0.2000 0.5970 0.0030 0.2000 0.5970 0.5970 0.2000 0.0030 0.5970 0.2000
0.0030 0.0030 0.2000 0.5970 0.0030 0.2000 0.5970 0.5970 0.2000 0.0030 0.5970 0.2000
0.0030 0.0030 0.2000 0.5970 0.0030 0.2000 0.5970 0.5970 0.2000 0.0030 0.5970 0.2000
0.0030 0.0030 0.2000 0.5970 0.0030 0.2000 0.5970 0.5970 0.2000 0.0030 0.5970 0.2000
0.0030 0.0030 0.2000 0.5970 0.0030 0.2000 0.5970 0.5970 0.2000 0.0030 0.5970 0.2000
0.0030 0.0030 0.2000 0.5970 0.0030 0.2000 0.5970 0.5970 0.2000 0.0030 0.5970 0.2000
0.0030 0.0030 0.2000 0.5970 0.0030 0.2000 0.5970 0.5970 0.2000 0.0030 0.5970 0.2000
0.0030 0.0030 0.2000 0.5970 0.0030 0.2000 0.5970 0.5970 0.2000 0.0030 0.5970 0.2000
0.0030 0.0030 0.2000 0.5970 0.0030 0.2000 0.5970 0.5970 0.2000 0.0030 0.5970 0.2000
0.0030 0.0030 0.2000 0.5970 0.0030 0.2000 0.5970 0.5970 0.2000 0.0030 0.5970 0.2000
0.0030 0.0030 0.2000 0.5970 0.0030 0.2000 0.5970 0.5970 0.2000 0.0030 0.5970 0.2000
0.0030 0.0030 0.2000 0.5970 0.0030 0.2000 0.5970 0.5970 0.2000 0.0030 0.5970 0.2000
0.0030 0.0030 0.2000 0.5970 0.0030 0.2000 0.5970 0.5970 0.2000 0.0030 0.5970 0.2000
0.0030 0.0030 0.2000 0.5970 0.0030 0.2000 0.5970 0.5970 0.2000 0.0030 0.5970 0.2000
0.0030 0.0030 0.2000 0.5970 0.0030 0.2000 0.5970 0.5970 0.2000 0.0030 0.5970 0.2000
0.0030 0.0030 0.2000 0.5970 0.0030 0.2000 0.5970 0.5970 0.2000 0.0030 0.5970 0.2000
0.0030 0.0030 0.2000 0.5970 0.0030 0.2000 0.5970 0.5970 0.2000 0.0030 0.5970 0.2000
0.0030 0.0030 0.2000 0.5970 0.0030 0.2000 0.5970 0.5970 0.2000 0.0030 0.5970 0.2000
0.0030 0.0030 0.2000 0.5970 0.0030 0.2000 0.5970 0.5970 0.2000 0.0030 0.5970 0.2000
